96
0 0 12 25 0 0 0 24 0 0 0 21 0 0 0 16 0 0 0 0 0 0 0 0 0 0 8 0 0 0 0 17 0 0 0 11 0 17 0 0 13 0 25 20 0 0 0 0 0 0 18 0 8 6 12 0 0 8 0 0 0 0 0 0 21 17 0 0 0 0 0 0 0 0 23 5 0 22 0 11 0 21 10 0 0 0 0 0 12 0 0 14 0 0 0 0 
0 0 0 0 0 0 5 17 0 0 0 0 0 0 0 0 0 20 6 8 19 5 13 0 0 12 15 0 4 0 0 0 0 0 0 0 0 22 4 9 21 0 9 0 0 0 21 19 0 0 5 0 0 0 5 9 0 17 0 0 15 0 0 5 0 6 0 0 9 0 14 0 0 22 3 0 0 0 0 1 24 0 0 0 0 0 23 14 17 0 0 0 0 0 18 18 
12 0 0 16 19 19 0 0 0 0 0 18 25 0 0 0 0 5 0 20 3 19 0 14 24 0 0 14 15 25 0 2 0 23 3 0 0 4 1 9 0 11 0 0 0 0 0 0 15 0 7 23 0 22 18 0 0 0 0 0 9 0 0 0 0 0 22 0 0 0 18 12 11 0 11 0 0 16 23 0 12 0 0 0 0 0 0 0 0 0 23 0 16 18 23 0 
25 0 16 0 23 7 22 0 11 0 0 0 19 20 25 0 9 0 0 21 0 0 0 4 2 18 0 10 7 13 16 12 1 0 0 0 10 0 0 16 0 10 13 0 0 0 0 0 0 25 16 22 0 7 3 0 0 0 0 0 0 0 0 19 0 20 1 0 5 0 0 0 16 0 13 0 0 12 19 13 0 0 4 0 0 8 0 19 24 0 6 0 0 11 21 0 
0 0 19 23 0 18 0 0 0 0 25 0 24 22 5 0 0 0 2 0 0 0 9 0 20 0 0 0 10 0 0 0 0 0 24 12 0 0 0 0 0 0 14 0 0 0 0 3 2 0 0 17 0 0 0 0 23 20 0 0 0 0 0 0 7 0 2 0 23 0 10 0 0 22 0 0 24 0 0 0 0 17 0 0 0 19 0 0 0 0 0 0 0 0 0 0 
0 0 19 7 18 0 0 0 17 0 0 12 14 0 0 0 0 23 0 0 0 0 0 22 0 6 0 12 0 0 0 0 17 0 0 19 0 17 0 0 1 0 0 0 0 0 0 0 0 0 8 16 0 0 6 0 16 10 8 22 13 0 0 0 23 0 0 0 17 0 14 8 0 0 0 0 17 6 0 0 0 0 18 0 0 0 22 0 0 0 0 3 0 0 3 22 
0 5 0 22 0 0 0 3 0 7 0 0 0 3 0 0 0 22 0 16 15 0 0 10 0 3 9 13 0 0 0 0 11 0 20 20 0 0 0 6 0 0 12 0 0 2 21 0 0 0 0 23 0 0 11 25 0 0 0 0 0 13 23 12 0 0 0 17 0 0 0 0 0 0 0 13 0 0 20 0 0 12 0 0 13 0 0 0 0 0 0 0 0 0 0 2 
24 17 0 0 0 0 3 0 18 14 14 12 0 0 0 0 0 0 0 0 0 18 0 0 14 0 2 5 2 12 23 0 0 0 0 0 21 0 0 0 0 10 0 0 7 5 4 0 1 0 15 4 6 0 23 21 0 18 16 0 0 5 0 13 0 9 18 0 0 0 0 0 13 0 0 0 0 24 0 0 0 25 18 0 0 22 0 0 0 0 0 0 0 13 0 1 
0 0 0 11 0 17 0 18 0 4 0 0 0 17 0 0 25 0 0 6 15 0 0 11 0 0 0 0 14 0 0 0 13 0 0 0 3 14 23 14 5 0 0 0 0 0 25 20 0 0 17 24 13 18 0 0 15 18 20 0 15 0 0 2 0 0 8 17 0 14 0 10 3 0 0 0 0 0 0 24 1 0 0 0 0 0 14 0 23 0 0 5 0 0 0 18 
0 0 0 0 0 0 7 14 4 0 21 0 0 0 10 0 9 1 0 5 22 4 0 0 4 0 24 0 0 11 0 0 0 0 0 0 22 0 10 9 0 2 2 10 0 0 23 0 0 14 16 0 0 25 0 0 23 3 0 12 0 0 19 0 0 15 0 0 0 0 2 0 0 0 25 0 0 0 0 0 0 0 0 0 0 0 13 7 13 22 8 0 10 0 0 15 
0 0 0 0 25 0 0 14 0 21 0 12 0 0 0 3 0 0 0 0 2 0 0 0 19 0 9 12 22 0 0 0 0 7 7 0 0 0 7 0 0 0 0 0 0 0 0 0 0 24 11 0 0 0 0 19 0 0 0 0 0 0 0 0 22 19 11 0 22 0 0 0 0 0 14 21 13 9 0 0 0 5 17 0 9 0 0 0 17 0 0 0 16 0 0 0 
21 0 18 0 0 12 0 12 0 0 12 0 5 24 0 0 0 9 0 0 0 18 0 25 0 0 0 0 10 5 0 0 0 0 7 11 0 0 0 20 0 21 0 18 17 9 25 4 15 2 0 12 0 2 9 0 0 0 0 0 0 22 14 0 18 8 0 2 0 0 10 0 2 0 22 0 0 0 0 6 0 4 0 18 22 0 13 0 9 0 0 0 0 4 11 0 
0 0 25 19 24 14 0 0 0 0 0 5 0 24 9 0 0 0 0 0 0 0 7 11 6 2 0 0 0 0 0 0 8 0 4 10 0 24 3 15 3 0 0 9 0 0 15 0 12 0 0 0 0 15 0 0 0 0 21 0 0 0 0 0 0 21 14 0 0 12 0 13 9 0 0 0 4 0 2 0 0 2 0 0 0 0 0 0 0 13 0 0 14 0 14 1 
0 0 0 20 22 0 3 0 17 0 0 24 24 0 0 22 0 12 0 0 0 11 13 0 0 14 0 11 0 14 0 4 0 22 0 0 0 0 0 1 11 12 0 0 22 0 0 0 19 23 0 0 16 0 0 21 0 0 0 23 0 17 7 23 4 0 0 0 0 12 0 0 0 0 0 0 0 0 0 2 0 0 0 0 8 0 0 0 0 0 0 0 18 0 0 0 
0 0 0 25 5 0 0 0 0 10 0 0 9 0 0 2 18 0 0 0 0 4 0 2 0 25 0 0 17 0 21 22 0 0 9 0 0 0 0 16 7 0 0 6 8 0 11 0 0 0 0 14 7 0 0 23 0 0 0 0 0 24 22 5 0 0 0 0 7 25 11 0 0 0 19 0 0 0 20 0 0 0 16 0 0 0 0 0 11 0 0 0 0 0 0 15 
16 0 0 0 0 0 0 0 0 0 3 0 0 22 2 0 0 25 0 0 0 8 0 0 0 24 0 0 0 0 0 0 0 0 10 0 0 0 4 0 0 0 0 0 0 0 0 0 0 4 25 0 21 0 0 0 0 0 0 0 6 7 0 0 0 0 0 0 0 0 0 12 18 10 0 16 0 0 0 4 4 0 0 0 0 0 0 0 25 0 0 0 1 0 0 0 
0 0 0 9 0 0 0 0 25 9 0 0 0 0 18 0 0 0 0 0 0 0 0 0 0 0 9 24 10 0 23 0 4 6 25 0 7 0 0 0 0 0 23 0 0 0 0 0 3 0 0 0 0 0 0 13 0 0 3 14 0 22 0 14 0 0 0 5 0 0 0 20 17 8 0 0 0 0 13 0 8 6 0 0 0 0 0 0 0 1 16 0 0 17 0 0 
0 20 5 0 0 23 22 0 0 1 0 9 0 12 0 25 0 0 0 15 0 0 25 3 0 11 0 0 0 23 24 0 12 0 0 0 0 0 0 19 15 0 0 0 0 0 0 14 0 0 10 8 0 0 16 3 21 10 0 0 0 0 0 0 0 0 25 11 0 3 0 0 0 0 0 0 0 0 0 24 22 0 0 0 0 0 24 18 0 22 0 2 0 0 0 0 
0 6 0 0 2 0 0 0 0 0 0 0 0 0 0 0 0 0 0 0 0 0 22 3 14 3 0 0 0 0 25 0 6 0 0 0 0 25 5 21 0 15 0 0 0 0 0 7 0 0 0 23 19 0 0 6 0 0 0 0 20 0 0 0 0 0 0 22 0 23 18 6 0 0 0 18 12 0 0 6 5 0 0 0 0 18 0 0 0 7 0 24 14 0 0 0 
0 8 20 21 0 0 16 0 6 5 0 0 0 0 0 0 0 15 0 0 0 10 5 5 0 0 0 0 0 0 7 0 0 14 22 0 0 0 10 0 14 12 2 0 0 0 0 0 6 0 0 22 0 9 4 0 0 0 0 0 0 0 10 0 0 0 0 0 5 14 25 8 3 0 6 21 14 19 17 0 0 18 6 1 21 0 0 0 0 21 13 0 0 0 0 0 
0 19 3 0 0 0 15 0 15 22 2 0 0 0 0 0 0 0 0 0 0 0 0 0 0 4 1 20 13 14 9 0 11 0 12 20 0 8 17 0 0 0 0 0 0 0 20 0 0 24 0 23 0 9 25 17 0 0 0 17 0 0 0 0 9 14 0 0 12 9 3 16 19 22 0 14 0 0 0 17 5 0 0 0 0 0 24 0 0 0 2 0 0 0 6 0 
0 5 19 0 0 0 0 18 0 4 0 18 0 11 4 8 0 0 0 10 0 0 0 0 0 0 0 0 0 0 0 8 0 0 4 0 0 0 0 14 0 0 16 0 0 0 0 0 0 0 0 19 0 0 0 9 2 0 2 0 21 16 0 0 0 4 23 21 0 0 13 0 7 0 0 0 0 0 0 0 0 0 17 0 10 2 0 0 0 9 0 0 0 0 9 6 
0 13 0 0 9 0 0 0 0 0 0 0 7 13 0 0 0 25 22 5 0 0 0 11 15 7 0 0 0 0 0 25 12 17 0 0 13 0 2 0 0 7 0 0 0 0 0 0 0 23 0 0 0 0 5 0 0 0 18 0 0 0 0 5 0 1 25 0 0 0 14 15 0 0 0 0 0 0 22 6 0 0 9 24 0 5 0 17 0 20 0 13 12 4 9 0 
0 0 14 4 0 22 10 0 11 0 0 25 11 0 2 0 0 3 3 5 0 0 11 0 0 15 0 0 0 0 0 0 9 0 0 0 4 0 0 0 8 6 3 1 20 0 0 0 16 0 0 0 0 0 20 0 21 9 0 11 0 22 0 0 0 24 0 0 19 0 0 10 0 0 4 0 0 0 0 0 0 0 19 5 1 0 15 0 0 0 0 5 0 0 0 14 
0 0 24 2 20 0 0 14 0 4 19 0 6 0 0 0 0 0 14 0 0 0 15 0 0 0 20 0 0 0 0 13 0 21 0 0 0 0 0 0 0 0 5 0 0 0 25 0 0 6 0 0 5 0 0 0 0 0 0 0 3 0 14 10 6 16 0 0 0 0 0 0 4 0 0 0 0 21 0 0 0 0 13 20 19 0 0 0 0 10 0 0 0 0 0 0 
0 12 0 18 0 6 3 0 0 0 0 0 2 14 25 24 0 11 3 0 4 0 7 15 0 0 0 0 7 0 0 4 0 0 3 0 0 0 9 0 5 16 0 24 0 19 16 0 0 0 0 0 0 0 13 0 0 0 0 0 15 0 6 0 0 0 0 18 0 9 7 23 0 20 13 0 14 16 0 0 7 12 10 0 0 0 0 6 25 0 0 15 1 18 0 0 
8 15 0 0 0 0 9 2 0 24 9 0 0 0 0 0 9 0 0 0 1 0 0 0 20 0 0 0 2 0 0 10 0 0 0 0 5 0 0 0 0 0 10 0 0 8 0 18 16 0 0 0 0 0 0 0 0 0 0 0 0 0 0 0 0 0 8 0 22 3 0 0 0 0 0 0 0 0 0 0 0 9 16 0 23 0 0 0 16 0 0 9 0 0 0 0 
0 0 14 10 0 12 13 5 0 0 12 0 0 11 0 0 24 0 0 0 20 0 0 0 0 0 0 0 9 0 0 0 1 12 0 0 0 4 0 0 0 4 0 0 16 18 4 0 21 0 0 0 2 0 1 1 0 0 0 0 0 0 0 6 0 6 1 0 0 13 0 0 0 1 8 18 0 0 0 0 0 0 8 9 0 0 18 19 2 15 0 17 22 7 12 0 
0 4 15 7 10 0 0 2 14 0 22 10 0 0 17 0 10 0 0 0 13 0 0 0 0 7 2 9 0 0 11 0 0 0 0 20 0 7 0 3 12 0 0 15 0 0 0 0 22 0 0 0 0 0 9 1 0 0 0 0 0 0 19 4 0 0 0 0 0 0 6 0 0 0 23 3 5 0 16 11 3 0 0 0 0 0 24 0 0 24 11 0 10 22 1 0 
0 0 25 13 0 0 0 12 0 11 0 5 0 14 0 0 0 23 0 0 14 0 0 0 0 0 0 0 0 0 0 0 11 0 2 0 16 10 0 0 0 0 0 0 0 2 0 0 0 0 6 0 0 0 22 1 0 0 5 0 0 0 0 0 0 0 0 12 0 0 20 16 0 0 0 0 19 0 17 0 24 0 6 0 18 0 0 0 20 0 0 0 0 0 20 0 
0 0 0 16 0 0 0 23 0 0 0 0 0 0 21 0 23 24 25 7 9 0 0 0 0 0 0 0 11 0 0 0 2 20 6 0 0 0 0 0 0 20 0 0 0 0 0 0 0 0 0 0 5 0 0 0 1 2 0 7 0 0 0 0 0 0 10 16 3 0 0 12 0 25 0 0 0 0 0 18 0 0 0 0 0 17 18 12 0 8 0 21 0 0 0 0 
17 0 2 12 0 0 0 0 0 0 0 0 0 4 22 0 0 0 0 0 0 8 25 0 13 4 10 0 0 0 0 0 0 10 21 0 11 0 0 0 0 12 0 8 2 0 18 2 0 0 0 0 0 4 24 0 18 0 0 0 0 14 0 18 0 0 0 0 0 25 0 0 0 3 0 0 16 15 0 0 6 0 0 0 20 0 0 15 0 0 0 0 0 0 0 0 
0 0 0 1 0 17 11 0 13 0 0 0 8 0 0 0 4 12 6 0 11 0 12 9 0 0 0 1 0 11 2 0 0 0 2 19 3 14 0 0 0 11 3 0 1 0 0 0 0 0 0 0 0 14 21 0 0 0 25 0 16 0 19 0 0 0 0 0 0 0 16 0 0 14 0 0 0 25 0 0 17 0 0 13 0 0 0 0 0 0 19 8 0 0 7 0 
0 0 23 0 0 0 0 0 0 0 7 0 0 22 0 0 6 0 0 14 0 0 17 0 21 0 0 12 0 0 20 10 0 0 7 0 0 23 0 0 0 0 5 0 5 18 1 0 0 0 0 0 0 9 12 19 0 10 0 11 0 0 0 0 0 0 18 25 0 7 0 0 8 1 5 0 5 0 0 0 1 12 0 11 0 20 0 6 0 3 0 0 0 0 0 0 
0 0 3 0 24 0 20 0 0 0 7 7 4 0 9 10 25 0 0 22 12 4 0 0 0 3 0 0 0 2 6 21 2 7 0 0 0 0 0 0 2 15 0 0 0 10 24 0 11 0 0 0 0 14 0 0 0 0 16 9 0 0 0 18 21 0 0 0 4 0 5 0 0 0 24 0 14 0 0 15 12 0 0 20 0 3 0 0 14 0 0 0 0 3 15 0 
11 0 0 0 12 19 20 0 0 0 0 11 10 0 0 0 0 0 0 0 20 0 0 0 0 0 0 0 20 0 0 0 19 0 0 0 0 16 0 0 0 2 1 0 0 0 0 0 0 0 6 1 6 0 5 0 0 5 0 24 0 0 18 0 0 18 0 12 25 0 0 0 22 25 10 0 0 0 0 0 0 20 0 7 0 0 0 0 0 0 0 0 0 9 22 13 
0 0 0 10 0 0 0 21 3 22 0 0 0 0 0 0 7 0 0 0 0 0 13 4 0 0 5 0 0 16 0 11 3 0 0 0 0 11 0 14 0 0 7 20 20 13 16 0 18 0 18 0 0 5 0 0 0 0 0 25 10 0 0 0 0 0 0 0 25 1 21 9 0 0 0 0 25 0 0 3 0 0 5 24 0 0 4 5 0 0 0 0 24 0 0 15 
17 22 4 0 0 17 0 0 14 0 0 0 24 0 0 0 0 0 25 0 8 0 0 0 0 0 0 4 7 10 0 0 14 23 0 16 11 0 0 0 0 0 16 0 0 0 0 0 0 0 11 0 0 21 0 0 0 12 0 21 0 0 24 12 0 0 8 12 11 0 0 0 0 0 0 0 0 0 0 0 0 14 0 16 1 0 2 0 21 0 0 0 18 0 0 0 
0 4 1 0 0 0 0 0 23 10 7 0 3 0 0 4 0 0 5 10 17 0 2 0 0 9 0 0 0 0 0 0 0 0 0 0 0 0 0 0 11 9 0 14 20 25 6 21 0 4 16 24 0 0 0 0 6 0 0 17 0 0 24 0 0 15 0 21 18 0 19 0 0 0 13 0 0 0 0 18 0 0 22 15 21 0 15 0 20 0 0 18 0 0 22 0 
0 9 9 16 0 0 6 0 14 9 0 20 15 1 16 0 0 19 21 0 0 14 0 0 0 0 0 0 3 0 0 0 0 0 0 0 14 0 0 0 0 0 0 0 0 0 0 0 22 0 0 0 0 0 0 16 0 0 0 0 0 3 2 0 0 0 0 0 15 0 0 22 0 1 0 0 0 6 0 0 21 0 0 8 6 0 0 0 0 12 4 0 0 0 0 21 
13 21 0 0 0 1 0 0 5 0 0 0 3 11 7 0 0 15 0 14 0 0 0 8 0 5 0 0 12 0 0 0 0 0 2 0 0 0 11 0 0 12 2 15 21 9 0 0 0 0 14 15 0 0 20 0 0 18 0 0 13 6 7 24 0 0 25 15 0 21 0 0 7 0 0 4 18 17 0 3 1 0 0 10 8 0 0 4 0 0 0 0 12 9 12 3 
0 0 11 10 0 0 0 10 0 2 0 21 0 12 0 0 0 0 15 12 0 0 7 6 0 16 0 4 0 0 20 12 11 0 15 2 0 0 9 0 12 0 0 0 5 5 0 0 0 0 0 0 0 0 0 0 6 4 0 0 22 17 21 0 0 0 0 0 3 16 15 24 0 0 6 0 6 0 0 15 24 0 0 0 0 20 0 0 0 0 0 11 0 0 0 4 
25 9 0 13 14 0 12 0 0 2 0 0 0 0 0 0 23 0 0 2 0 16 0 3 5 0 10 0 0 0 0 0 3 5 0 1 7 16 0 0 2 0 0 0 0 0 0 15 7 0 23 0 0 23 0 0 0 0 0 0 0 0 0 12 0 0 0 0 3 12 4 0 0 17 0 0 0 0 0 1 25 0 0 0 0 0 0 0 0 0 4 11 0 0 16 0 
20 0 0 0 0 0 0 0 0 10 0 18 9 0 6 0 0 0 0 0 0 0 0 1 0 24 0 0 15 0 0 8 0 0 0 0 20 0 14 0 15 0 0 0 1 0 0 0 22 0 0 13 21 23 0 0 0 0 0 0 20 0 0 3 0 12 0 23 0 0 7 0 0 2 0 0 21 0 0 0 0 0 8 0 1 0 0 0 0 17 18 0 9 0 19 0 
0 0 0 0 0 0 0 7 0 0 0 17 0 22 8 0 0 0 0 0 0 0 0 20 0 0 0 16 0 0 0 2 1 5 0 0 20 0 20 0 21 5 0 1 0 0 0 3 0 24 0 11 0 0 0 7 0 0 0 13 0 0 0 0 15 9 0 0 2 0 0 8 0 5 0 0 0 0 23 0 0 1 25 22 8 0 0 7 21 10 0 5 0 1 1 0 
0 0 0 0 0 0 2 5 0 0 0 9 0 0 0 0 0 0 0 0 0 0 0 0 0 19 8 18 0 2 0 0 0 18 10 0 13 0 25 0 9 5 0 0 0 0 25 0 0 0 5 0 0 0 0 0 0 3 0 0 0 9 13 20 0 7 21 21 17 17 0 0 21 0 6 0 7 0 12 23 0 24 19 0 0 0 12 0 0 0 0 0 5 0 7 0 
0 21 0 0 0 0 21 4 25 23 0 25 15 0 11 0 0 0 0 0 20 0 0 0 25 16 0 4 0 0 0 18 0 1 24 0 16 0 6 0 0 0 0 0 0 25 0 21 20 9 21 0 0 10 9 0 0 20 0 0 23 0 0 0 0 0 0 0 0 0 0 0 0 0 0 7 0 1 0 0 0 0 0 10 0 0 0 12 0 0 0 0 3 0 0 14 
0 19 0 0 3 0 0 0 20 0 0 4 0 0 0 0 0 14 7 0 0 0 0 0 0 0 18 0 0 0 0 2 0 0 0 0 0 0 21 0 0 0 15 0 3 0 21 0 0 18 0 1 0 10 23 4 0 23 9 0 0 0 0 21 0 0 0 0 3 1 0 0 0 0 0 0 0 0 8 4 0 0 17 0 0 0 0 7 24 0 0 13 2 0 4 0 
0 0 15 0 2 0 0 1 0 0 0 15 12 19 0 0 3 0 0 6 0 0 0 16 0 0 16 21 22 0 0 0 0 0 11 0 18 0 0 22 0 0 7 22 0 0 20 0 0 8 1 0 0 0 0 2 0 20 20 2 0 0 9 0 0 0 5 20 0 0 0 0 0 0 0 0 0 5 0 0 0 23 0 23 10 5 0 0 0 3 0 0 16 0 12 0 
0 0 0 25 0 0 0 0 0 14 24 2 0 23 0 4 0 0 0 0 24 0 23 0 6 0 0 0 0 0 0 0 0 0 0 0 0 0 4 0 0 0 0 0 24 0 9 18 8 0 0 0 0 0 0 0 7 0 0 0 0 0 0 2 21 11 0 18 0 6 24 25 0 0 10 11 0 0 8 0 0 0 0 0 0 19 0 19 0 0 0 0 9 23 0 0 
18 5 7 16 0 8 0 15 17 16 11 0 0 0 0 25 0 10 0 0 0 0 0 0 0 0 0 0 0 6 0 0 0 0 0 6 18 11 16 0 14 0 23 0 0 5 21 0 1 0 0 15 0 0 0 0 10 0 0 0 0 11 24 0 0 0 0 0 21 0 0 5 4 0 0 0 0 0 0 15 8 22 0 0 0 23 0 0 0 0 21 0 16 8 5 0 
0 0 23 22 17 16 23 4 24 0 0 12 0 0 14 0 0 8 23 22 23 19 0 0 0 0 0 0 0 0 0 0 0 0 0 1 0 0 24 0 15 0 0 13 11 0 0 1 0 0 15 0 0 12 16 0 0 0 0 22 3 0 0 25 7 0 0 0 0 24 24 0 0 0 10 0 0 0 0 20 2 0 0 0 7 23 15 0 1 0 12 0 0 0 0 18 
8 0 0 0 0 0 0 6 13 0 0 0 0 16 7 21 0 0 19 0 0 0 0 0 5 0 0 2 0 0 5 0 0 0 0 6 0 0 0 0 0 0 0 21 0 0 0 0 0 0 0 0 0 0 4 18 0 13 0 4 0 0 5 0 0 23 20 0 0 11 3 5 0 0 0 12 6 0 0 0 0 0 2 20 0 0 0 0 0 0 0 0 0 11 0 0 
6 0 22 7 0 0 0 0 18 25 0 2 15 0 0 0 0 0 0 9 9 0 0 0 0 0 0 0 0 0 0 4 14 9 14 0 5 21 0 0 0 0 23 23 0 0 10 10 0 0 0 12 0 0 10 6 0 0 22 23 0 4 0 0 0 0 0 0 0 0 0 0 0 0 0 0 0 0 0 17 0 0 0 21 0 0 0 0 0 0 0 5 0 18 0 0 
12 5 18 3 0 6 11 23 0 0 0 9 0 0 0 0 0 16 0 4 25 0 5 20 0 13 0 1 9 22 0 24 21 12 0 5 0 0 0 0 20 0 0 0 0 0 9 23 0 0 0 16 4 10 0 2 0 0 0 11 15 16 0 7 0 9 10 0 0 15 0 24 11 0 0 0 0 0 0 0 0 3 0 0 0 0 5 18 14 20 10 23 14 9 23 16 
0 9 0 0 0 0 25 21 0 0 19 0 0 21 23 0 13 3 6 0 17 9 0 0 0 0 0 1 1 1 0 0 0 19 0 0 0 0 0 16 0 0 0 0 7 0 0 4 2 0 0 0 18 6 2 0 0 8 12 0 0 0 10 23 0 0 0 18 6 0 12 0 0 0 0 15 1 15 0 0 0 0 11 0 0 0 7 0 0 0 0 0 0 3 23 0 
0 0 0 0 23 16 0 0 15 23 0 0 0 0 0 0 0 21 0 0 0 2 0 21 0 0 0 0 0 0 1 18 0 0 0 0 0 0 6 0 0 6 0 0 0 0 0 0 0 7 10 0 0 0 0 0 0 0 0 7 0 0 0 0 0 0 0 10 0 24 19 0 23 0 0 0 17 24 0 13 19 0 17 12 0 0 0 9 0 21 0 12 0 0 0 0 
8 17 0 0 20 10 0 18 18 3 0 0 0 0 0 0 0 10 0 0 0 0 0 9 0 0 0 0 0 0 2 0 0 10 0 5 0 12 0 0 18 4 0 0 0 3 20 23 20 0 0 0 13 0 0 8 0 0 0 15 2 0 13 0 6 0 0 0 0 18 15 0 0 0 0 8 1 23 13 0 0 0 8 0 0 0 0 0 0 0 0 0 0 2 25 8 
0 0 0 0 0 8 0 16 20 0 0 0 21 0 0 0 3 0 0 0 0 2 18 0 0 0 0 0 0 5 0 0 25 0 16 0 0 0 0 0 0 0 0 0 0 0 0 9 20 0 0 0 0 22 0 12 0 0 0 19 0 0 4 0 14 0 0 9 0 0 0 0 0 0 0 20 0 0 0 0 0 0 8 0 0 23 0 0 7 14 9 14 17 0 0 11 
0 0 0 0 0 22 0 0 0 12 0 0 0 23 0 0 14 0 0 0 17 0 0 11 0 0 0 0 0 0 7 0 0 11 9 24 25 21 17 0 0 0 0 0 13 0 0 0 2 0 0 22 4 23 11 0 7 15 19 0 0 0 7 0 0 0 4 0 10 0 0 17 13 19 0 0 0 0 0 0 21 0 0 20 0 0 0 0 0 0 0 0 0 0 0 0 
0 15 9 0 0 13 0 0 15 0 0 0 0 0 0 6 0 0 20 0 0 21 0 0 3 15 0 0 0 0 0 0 16 0 0 0 10 0 0 0 13 22 0 20 0 0 23 0 0 0 0 3 0 0 15 0 0 2 0 0 0 9 1 3 0 0 0 0 0 0 0 0 0 0 18 0 24 12 10 0 11 0 20 0 12 5 0 8 0 0 0 0 0 0 15 0 
0 0 0 0 0 0 13 5 0 0 0 22 0 17 24 7 22 0 0 0 0 16 0 22 0 0 0 0 0 0 0 14 0 0 0 0 0 0 0 3 6 17 0 0 0 9 0 0 0 0 11 0 0 4 16 0 0 0 0 0 9 0 0 0 0 0 0 7 17 0 2 2 0 0 0 0 0 24 0 20 19 0 22 0 0 0 22 23 0 0 7 0 0 0 17 0 
0 0 0 0 0 0 23 0 0 19 0 14 0 7 22 0 0 0 0 10 0 0 0 0 14 6 0 0 19 0 0 0 19 0 0 18 0 24 24 2 7 21 0 0 0 13 0 0 9 0 24 0 5 0 0 10 0 13 4 7 1 0 0 6 0 0 2 0 3 12 0 14 14 0 13 25 0 2 0 0 0 11 0 8 0 23 10 0 0 0 6 0 0 22 3 0 
0 5 0 19 0 0 12 13 2 0 0 0 0 23 5 0 14 0 0 0 0 0 5 0 10 0 0 6 4 0 0 18 0 0 18 0 0 12 0 0 24 0 12 3 0 20 0 21 0 2 0 25 0 0 7 23 0 0 0 0 3 0 6 0 0 7 0 14 0 2 0 20 22 11 0 0 13 22 16 0 1 0 0 22 0 16 0 3 0 0 0 0 22 17 0 0 
21 0 0 0 7 23 0 0 0 0 22 18 0 4 0 0 0 0 0 0 9 0 0 0 6 0 0 0 0 0 0 0 0 0 21 0 0 0 0 0 0 0 0 0 15 0 0 0 0 21 0 7 0 0 0 0 0 6 14 0 0 0 0 0 0 17 6 8 0 0 0 7 0 0 1 0 1 0 0 7 0 0 0 0 0 24 0 4 21 0 0 0 0 0 0 2 
17 6 0 20 0 0 0 9 0 15 19 8 21 0 0 0 0 0 0 0 14 4 1 24 16 0 0 6 0 0 0 0 0 0 0 18 0 0 15 0 0 0 0 12 9 7 0 0 0 11 0 0 23 0 9 0 0 0 0 0 0 0 0 7 17 0 0 0 0 0 0 0 0 25 0 2 22 0 13 0 0 0 0 0 8 4 0 6 15 0 0 0 0 0 22 11 
0 0 22 1 2 0 0 18 8 0 11 0 14 0 0 0 0 25 0 0 0 23 25 0 0 0 8 1 0 0 10 0 0 18 0 0 0 8 0 0 25 0 0 0 0 21 0 0 5 0 0 0 20 0 10 0 0 0 0 4 0 0 2 0 6 0 0 16 0 0 21 0 0 5 0 0 0 0 0 0 0 0 0 4 2 0 0 0 0 0 0 0 0 9 0 0 
0 0 0 0 0 0 17 0 17 0 0 2 0 0 0 0 5 11 22 0 0 21 0 0 0 18 0 0 0 12 16 0 0 25 0 12 0 12 21 0 15 0 0 23 0 21 0 0 20 18 0 0 0 0 0 18 10 0 9 0 0 7 0 14 8 0 16 0 17 15 17 0 0 0 25 11 0 0 12 0 0 0 0 0 4 6 0 0 0 0 10 0 0 0 0 16 
0 9 0 5 23 17 0 0 0 0 22 0 0 0 7 0 0 0 0 5 12 0 0 19 0 0 22 0 0 0 3 0 0 0 4 25 25 11 18 15 0 3 3 0 2 17 0 3 0 0 21 0 0 0 0 6 0 0 0 10 0 17 3 0 0 0 0 17 0 11 1 3 23 7 0 14 0 0 0 0 0 0 0 0 15 0 18 0 0 6 0 0 0 0 24 0 
0 0 0 0 0 0 0 0 14 0 0 0 12 12 25 0 0 3 23 14 9 0 0 0 0 9 3 13 0 0 0 25 0 7 0 0 1 0 0 0 21 16 12 0 0 17 0 1 0 6 0 24 11 0 15 0 24 18 0 0 0 0 12 2 0 0 0 15 11 0 0 0 5 0 7 0 0 0 0 0 12 0 0 0 0 4 24 0 0 0 0 0 0 0 0 0 
0 14 18 0 10 14 0 0 0 2 0 10 0 0 11 0 0 0 18 25 3 13 14 0 0 7 0 0 6 20 0 0 16 0 5 0 21 0 19 0 0 15 4 7 0 0 0 0 0 24 0 24 3 0 0 12 19 15 0 0 0 2 0 0 0 0 21 17 1 0 0 0 0 12 10 0 0 0 0 0 10 21 0 0 0 11 0 5 20 0 0 0 8 0 0 15 
0 0 12 0 0 8 0 0 10 0 0 0 13 0 0 12 20 0 6 8 16 0 15 10 0 23 0 0 0 16 12 0 0 0 0 0 9 0 0 22 0 24 0 0 8 0 0 0 0 25 5 0 5 0 24 0 0 0 0 17 0 2 14 20 7 0 0 0 3 0 0 0 16 0 0 11 0 0 0 1 12 0 20 0 0 0 0 19 0 1 0 0 3 18 0 3 
0 0 11 16 0 0 0 13 3 0 0 2 9 0 0 18 17 0 0 3 19 7 0 0 4 0 0 0 0 0 0 0 0 8 0 22 0 0 0 0 7 0 0 0 0 21 0 0 0 0 4 0 0 0 11 0 23 0 0 13 0 0 14 22 0 0 0 0 23 5 0 16 0 0 0 21 0 9 6 0 15 0 0 22 4 23 0 0 0 7 0 20 0 0 14 1 
0 22 0 0 22 0 0 0 0 0 0 0 0 0 0 10 8 0 0 0 22 0 0 0 0 20 0 1 0 0 25 3 14 1 0 25 0 0 0 1 0 0 17 2 5 0 0 0 0 0 0 0 0 0 0 0 0 0 0 19 0 0 0 11 0 25 5 0 7 0 12 0 0 0 0 0 0 0 0 0 0 0 23 0 0 0 0 0 14 0 0 0 20 24 0 0 
23 3 11 13 0 0 0 0 0 25 14 22 0 0 19 0 0 0 0 6 0 0 0 4 0 13 0 8 23 0 0 0 0 5 24 10 0 0 13 0 0 6 0 0 0 6 0 0 0 10 0 10 0 0 0 0 0 0 0 0 18 0 13 0 1 0 0 25 0 7 10 0 0 0 0 0 3 0 24 0 7 21 0 14 2 0 0 0 0 0 16 0 0 0 10 0 
5 0 0 0 0 0 13 0 0 0 21 0 0 0 0 16 0 0 18 21 14 0 0 0 0 0 0 18 3 0 0 0 0 0 0 0 0 0 0 0 4 0 0 0 0 0 7 0 0 11 0 0 12 0 0 15 0 8 20 0 0 0 25 0 0 2 0 11 14 0 0 11 21 0 0 0 0 0 0 0 0 0 0 0 0 7 0 0 21 11 0 12 22 19 0 0 
0 0 0 0 24 17 0 0 0 0 13 0 4 0 0 0 0 0 12 14 0 0 0 0 0 14 0 0 5 19 0 16 0 5 14 0 25 0 0 0 18 6 0 21 0 7 0 0 0 0 0 0 6 0 0 1 17 1 0 0 24 0 0 13 1 22 0 0 0 0 0 0 0 0 3 0 0 0 0 4 0 0 10 0 0 24 3 14 0 0 0 1 0 0 0 0 
22 0 16 12 0 6 0 24 0 0 9 0 0 0 0 0 0 0 0 19 0 0 0 0 21 16 0 0 0 0 0 15 25 0 0 0 0 0 0 6 17 0 0 0 0 0 1 0 5 0 0 0 0 0 0 15 24 23 0 0 12 24 2 22 0 0 0 0 0 0 0 0 9 0 0 0 0 0 6 0 0 7 0 0 0 0 0 12 0 18 0 0 0 11 0 0 
0 0 23 19 0 0 20 0 0 0 0 0 2 0 20 0 13 0 0 17 0 0 22 0 0 0 0 0 16 17 0 0 0 0 0 0 0 0 0 0 0 0 0 0 23 12 0 8 0 8 0 0 0 0 0 0 0 13 0 0 10 0 0 16 0 13 0 12 0 0 0 0 6 0 24 0 0 6 0 0 8 0 4 0 5 0 0 0 0 0 0 0 0 0 0 19 
11 1 0 13 0 0 0 0 24 0 0 6 0 2 0 4 0 24 6 0 17 0 6 0 0 0 0 0 11 0 18 0 0 0 15 0 3 0 18 0 3 15 1 0 0 23 0 4 0 0 15 20 0 17 0 0 13 0 0 0 0 20 0 0 7 0 0 0 0 0 0 1 0 0 0 0 4 0 0 0 0 14 0 0 16 0 0 0 0 14 0 0 0 0 0 5 
0 24 12 0 0 0 0 0 1 0 0 0 0 0 0 4 8 22 5 0 5 0 0 0 0 7 0 0 3 24 0 6 17 1 12 0 0 0 0 21 1 24 25 0 0 0 0 0 0 0 8 2 0 0 0 0 19 0 0 21 11 19 0 1 0 0 0 0 0 12 10 12 15 0 7 0 0 0 8 0 0 2 0 20 0 23 0 9 0 0 0 12 0 25 0 5 
21 0 0 0 17 0 12 25 0 0 5 4 2 0 0 0 6 0 0 18 0 0 0 0 0 12 9 0 0 0 0 0 0 12 0 20 0 14 0 0 0 0 0 0 1 24 0 0 23 0 22 0 0 0 3 0 0 0 0 0 0 0 11 0 0 0 0 0 0 0 21 0 0 0 21 0 0 7 0 14 2 0 0 0 0 0 9 0 0 0 10 0 20 22 15 20 
10 0 0 4 0 18 0 18 0 0 17 0 0 0 16 0 0 0 0 6 0 17 9 19 13 10 16 8 0 6 0 0 0 0 0 0 5 0 22 0 0 0 0 8 25 19 0 17 0 0 0 0 2 0 0 11 17 8 8 0 20 22 0 0 0 0 0 0 0 0 0 20 0 23 0 0 10 0 4 0 0 0 0 9 0 0 4 11 0 19 0 0 0 2 0 12 
0 0 0 0 0 0 0 0 0 0 0 18 0 0 0 0 0 0 0 1 0 0 24 5 20 0 0 9 0 0 0 0 13 11 20 7 24 16 15 8 10 0 0 0 22 0 10 0 23 0 0 0 20 21 0 0 12 0 0 20 0 0 8 22 0 0 4 0 0 0 0 0 22 0 14 0 0 0 0 0 20 0 9 0 22 15 9 0 0 0 0 0 23 8 0 0 
0 0 0 0 0 0 13 0 0 0 9 22 0 8 0 0 0 0 0 21 0 10 0 1 19 0 23 0 0 18 0 20 0 0 0 0 0 1 21 6 8 0 0 1 8 0 0 0 10 0 0 7 0 0 0 0 0 0 0 0 12 0 0 0 0 8 2 4 15 0 0 0 4 0 2 0 0 0 5 16 0 0 0 22 0 0 0 0 0 0 19 2 0 0 0 13 
0 0 0 8 19 0 0 22 0 0 0 0 0 0 0 0 0 0 18 0 0 2 5 0 0 0 0 0 0 0 17 0 0 20 3 0 0 0 0 0 0 20 0 0 0 0 0 0 5 19 23 23 0 0 0 0 0 0 23 0 5 0 23 16 24 4 0 6 0 4 11 0 23 0 0 7 24 0 0 0 23 0 0 15 0 0 10 24 21 0 17 0 10 0 17 0 
0 23 0 0 0 22 0 0 14 13 0 13 0 0 0 0 0 24 0 0 24 0 0 15 0 0 0 18 24 0 18 0 0 0 0 0 4 2 15 0 0 0 0 0 0 12 0 0 0 0 0 15 0 0 5 7 0 0 0 0 0 22 10 0 0 0 0 0 18 24 0 0 0 0 0 0 3 0 0 0 0 9 4 9 0 10 0 0 0 25 0 0 0 0 0 16 
0 14 0 19 0 0 0 0 0 7 0 0 0 0 0 0 0 18 0 0 0 0 17 0 0 6 0 19 0 0 12 15 0 6 0 0 5 0 0 0 4 0 0 0 7 0 12 7 0 19 0 0 0 0 18 0 9 0 0 0 8 23 0 3 4 6 0 0 0 0 5 19 0 0 0 0 14 12 0 0 9 0 11 0 0 24 0 0 0 0 0 15 5 0 0 0 
12 17 0 24 0 0 0 0 23 13 17 9 0 0 11 25 0 0 0 0 0 0 0 0 0 25 16 2 0 20 0 0 0 0 14 0 0 21 20 0 0 0 0 0 21 0 0 24 0 0 0 1 0 0 14 0 0 0 7 0 0 0 0 0 21 15 0 0 0 0 20 0 0 14 0 21 0 0 0 0 0 0 0 0 0 21 0 0 0 0 0 9 0 0 15 0 
0 0 0 0 0 0 0 0 0 22 0 0 13 0 0 0 1 22 7 21 0 9 20 0 10 0 0 15 24 0 8 0 0 3 0 0 0 0 0 12 0 0 0 17 10 0 0 0 3 0 0 0 0 0 20 0 21 0 14 0 0 0 0 0 0 0 0 0 6 0 0 1 7 0 0 11 0 18 0 14 0 0 19 0 0 0 25 0 0 0 0 0 0 0 3 3 
0 0 23 6 0 0 0 0 0 8 0 0 0 0 0 0 16 0 0 13 2 0 0 0 0 0 0 0 11 0 0 0 19 0 0 0 0 0 0 4 0 0 4 18 0 0 0 0 0 0 21 12 0 0 10 0 0 0 9 0 0 7 6 0 0 0 0 10 0 0 0 0 0 0 16 0 0 0 0 0 0 10 0 0 19 17 0 0 0 0 0 19 0 8 0 0 
14 0 0 0 0 3 0 0 5 0 0 0 0 0 0 0 0 2 24 0 0 0 13 5 0 15 9 17 0 0 21 0 8 0 0 0 0 0 18 0 0 11 11 0 5 0 0 13 0 0 0 0 0 5 23 0 12 0 14 0 0 0 0 0 0 0 0 0 0 0 0 0 20 0 0 12 1 0 0 0 12 0 0 0 2 0 0 15 9 0 19 0 4 0 20 0 
0 0 16 0 0 0 0 0 0 10 16 0 14 18 0 1 0 0 14 0 0 0 12 0 0 1 0 22 10 0 0 0 0 0 0 0 24 18 0 0 12 0 0 9 0 5 3 2 16 9 16 0 0 0 14 0 0 0 17 0 0 0 0 22 0 0 0 0 0 0 8 3 0 20 0 22 0 0 0 0 0 20 0 23 0 10 0 5 0 0 0 4 0 23 0 0 
0 0 18 11 0 0 0 13 0 0 0 4 0 0 0 0 17 0 0 0 0 0 4 0 0 18 0 7 22 0 0 0 0 0 3 9 0 0 0 0 9 0 0 0 1 0 0 0 0 23 8 0 11 18 9 3 0 2 0 0 0 0 22 17 0 0 9 0 0 0 0 18 0 24 0 19 0 11 0 0 25 22 2 8 0 0 0 0 0 0 8 0 23 0 0 0 
0 18 23 21 0 3 0 0 0 0 0 11 14 0 0 0 0 0 0 0 6 9 9 0 0 0 0 12 1 20 0 0 7 0 15 22 0 0 22 0 12 0 16 19 1 7 0 4 12 0 5 0 0 0 23 23 0 25 0 0 15 17 3 0 0 22 0 0 24 0 0 0 14 0 10 0 0 0 0 0 0 15 0 0 0 17 0 0 15 3 0 20 0 0 0 2 
0 18 0 0 0 22 2 1 18 15 0 0 1 0 15 0 0 0 0 0 0 6 0 14 0 0 0 0 0 0 0 0 0 0 0 13 15 0 0 21 3 4 0 0 0 0 14 0 0 0 0 18 0 0 16 0 0 8 11 0 0 0 0 0 2 11 0 16 0 0 15 3 1 0 0 0 0 0 19 5 5 20 12 0 13 0 16 0 0 3 0 0 0 0 2 0 
